1000475
1006519
1010707
1019833
1019937
1020260
10021685
10023684
10024124
10024694
10025450
10025831
10025881
10026444
10026445
10026446
10026447
10026856
10026857
10027318
10027326
10027337
10027410
10029438
10030405
10030414
10030424
10037272
10037301
10047695
10049697
10050105
10050982
10051796
10052247
10052294
10063743
10064755
10065510
10066451
10066952
10067905
10069471
10070285
10070951
10070968
10074652
10074656
10075463
10075464
10076729
10076778
10077155
10077228
10080603
10080616
10081492
10086813
10087892
10088562
10088624
10090407
10090408
10092134
10094247
10096564
10097743
10100698
10100711
10100716
10100786
10101463
10146434
10155277
10168763
10188906
10193333
10194554
10198257
10198261
10199458
10200331
10201454
10202066
10205291
10206478
10206479
10208958
10210345
10210540
10210643
10210927
10211418
10211419
10211424
10212226
10214082
10214854
10216504
10216507
